s07_AV14 Record=1380: Gypsum HS333.1B (Selenite)   ASDFRa AREF
 6.9955641e-001
 7.1048462e-001
 7.2221857e-001
 7.3277390e-001
 7.4332899e-001
 7.5238508e-001
 7.6026791e-001
 7.6700121e-001
 7.7365726e-001
 7.8032070e-001
 7.8696841e-001
 7.9386920e-001
 8.0100751e-001
 8.0801094e-001
 8.1463552e-001
 8.2066381e-001
 8.2609820e-001
 8.3099830e-001
 8.3512700e-001
 8.3919889e-001
 8.4299314e-001
 8.4652966e-001
 8.5019827e-001
 8.5229391e-001
 8.5502732e-001
 8.5693216e-001
 8.5963851e-001
 8.6269087e-001
 8.6454284e-001
 8.6609662e-001
 8.6741394e-001
 8.6868644e-001
 8.6713171e-001
 8.6837125e-001
 8.6970556e-001
 8.7096316e-001
 8.7199718e-001
 8.7276518e-001
 8.7346840e-001
 8.7402821e-001
 8.7458533e-001
 8.7496841e-001
 8.7526321e-001
 8.7551445e-001
 8.7606210e-001
 8.7660819e-001
 8.7761748e-001
 8.7827659e-001
 8.7899351e-001
 8.7976593e-001
 8.8009512e-001
 8.8043547e-001
 8.8013887e-001
 8.8043833e-001
 8.8100851e-001
 8.8162094e-001
 8.8214684e-001
 8.8279182e-001
 8.8310325e-001
 8.8380301e-001
 8.8441652e-001
 8.8503861e-001
 8.8489538e-001
 8.8397914e-001
 8.8231117e-001
 8.8013047e-001
 8.7763810e-001
 8.7621444e-001
 8.7844014e-001
 8.8471532e-001
 8.8803703e-001
 8.9216363e-001
 8.9492428e-001
 8.9653260e-001
 8.9713687e-001
 8.9770544e-001
 8.9736515e-001
 8.9699525e-001
 8.9575362e-001
 8.9442939e-001
 8.9312410e-001
 8.9149827e-001
 8.8833934e-001
 8.8240188e-001
 8.7154645e-001
 8.5888404e-001
 8.5002953e-001
 8.4732366e-001
 8.4687489e-001
 8.4657919e-001
 8.5088319e-001
 8.5414976e-001
 8.5675198e-001
 8.6185580e-001
 8.6681294e-001
 8.6875242e-001
 8.6652368e-001
 8.6875242e-001
 8.7020624e-001
 8.7019694e-001
 8.6959821e-001
 8.6741894e-001
 8.6290503e-001
 8.5637867e-001
 8.4825075e-001
 8.3809549e-001
 8.2777566e-001
 8.2002276e-001
 8.1063211e-001
 8.0442697e-001
 7.9711527e-001
 7.8234613e-001
 7.5550419e-001
 7.2266793e-001
 6.9041938e-001
 6.4705455e-001
 6.4912772e-001
 6.7413300e-001
 6.8411827e-001
 6.8358243e-001
 6.8167788e-001
 6.9992352e-001
 7.1358347e-001
 7.1456164e-001
 7.0920354e-001
 7.1155989e-001
 7.2952396e-001
 7.4796879e-001
 7.6247787e-001
 7.7372873e-001
 7.8386086e-001
 7.9460353e-001
 8.0385798e-001
 8.1231570e-001
 8.2048327e-001
 8.2674432e-001
 8.3197677e-001
 8.3555484e-001
 8.3609575e-001
 8.3459860e-001
 8.2888365e-001
 8.1579763e-001
 7.9440540e-001
 7.6806843e-001
 7.4037015e-001
 7.1811050e-001
 7.1142310e-001
 7.1981871e-001
 7.2473991e-001
 7.3183763e-001
 7.4703443e-001
 7.6161575e-001
 7.6950949e-001
 7.7462810e-001
 7.7628392e-001
 7.7328265e-001
 7.6436520e-001
 7.4437225e-001
 7.1260226e-001
 7.0864433e-001
 7.2685075e-001
 6.8688935e-001
 6.3888842e-001
 5.8968496e-001
 5.3808260e-001
 4.8256692e-001
 4.1932464e-001
 3.6508816e-001
 3.5884690e-001
 3.9790106e-001
 4.3094444e-001
 4.4708779e-001
 4.7374731e-001
 5.2995539e-001
 5.9519207e-001
 6.3063103e-001
 6.5259355e-001
 6.6674113e-001
 6.7472917e-001
 6.7741174e-001
 6.7697448e-001
 6.7805862e-001
 6.7456228e-001
 6.6691327e-001
 6.5806639e-001
 6.4864451e-001
 6.4012200e-001
 6.3219178e-001
 6.2374747e-001
 6.1477220e-001
 6.0355544e-001
 5.9599465e-001
 5.9363753e-001
 5.8759987e-001
 5.7618135e-001
 5.7177228e-001
 5.8352625e-001
 5.9426028e-001
 5.9770292e-001
 5.9379566e-001
 5.8852482e-001
 5.9733677e-001
 6.0908920e-001
 6.1413586e-001
 6.1703575e-001
 6.1758715e-001
 6.1468458e-001
 6.0719925e-001
 5.9618163e-001
 5.8170450e-001
 5.6517291e-001
 5.4060543e-001
 5.1088512e-001
 4.7639108e-001
 4.4288963e-001
 4.2009187e-001
 4.0750214e-001
 3.9764845e-001
 3.9311254e-001
 3.8883185e-001
 3.7897274e-001
 3.7003782e-001
 3.6647582e-001
 3.6842504e-001
