s07_AV14 Record=1381: Gypsum HS333.2B (Selenite)   ASDFRa AREF
 8.7835950e-001
 8.8255572e-001
 8.8573372e-001
 8.8644469e-001
 8.8788396e-001
 8.8898402e-001
 8.9103937e-001
 8.9309746e-001
 8.9582896e-001
 8.9851654e-001
 9.0084660e-001
 9.0299803e-001
 9.0481144e-001
 9.0648943e-001
 9.0813571e-001
 9.0971160e-001
 9.1126388e-001
 9.1256577e-001
 9.1361946e-001
 9.1482824e-001
 9.1619372e-001
 9.1778815e-001
 9.1944784e-001
 9.1948497e-001
 9.1958040e-001
 9.1990703e-001
 9.2079175e-001
 9.2225337e-001
 9.2214066e-001
 9.2211169e-001
 9.2220455e-001
 9.2238390e-001
 9.2218369e-001
 9.2234302e-001
 9.2247248e-001
 9.2275041e-001
 9.2323208e-001
 9.2309934e-001
 9.2308956e-001
 9.2300111e-001
 9.2292589e-001
 9.2286712e-001
 9.2256582e-001
 9.2243695e-001
 9.2273295e-001
 9.2333198e-001
 9.2425615e-001
 9.2512411e-001
 9.2588443e-001
 9.2648923e-001
 9.2680568e-001
 9.2682719e-001
 9.2627782e-001
 9.2621511e-001
 9.2640263e-001
 9.2708188e-001
 9.2761588e-001
 9.2790127e-001
 9.2801183e-001
 9.2834127e-001
 9.2914391e-001
 9.2994648e-001
 9.2919600e-001
 9.2704797e-001
 9.2387909e-001
 9.1927034e-001
 9.1454631e-001
 9.1129506e-001
 9.1358089e-001
 9.2188215e-001
 9.2772675e-001
 9.3448150e-001
 9.3912005e-001
 9.4172168e-001
 9.4340146e-001
 9.4424766e-001
 9.4368857e-001
 9.4286853e-001
 9.4089675e-001
 9.3851894e-001
 9.3644059e-001
 9.3379879e-001
 9.2998022e-001
 9.2026573e-001
 9.0293169e-001
 8.8309997e-001
 8.6806512e-001
 8.6370969e-001
 8.6225110e-001
 8.6080807e-001
 8.6770064e-001
 8.7332779e-001
 8.7744993e-001
 8.8592863e-001
 8.9348644e-001
 8.9617622e-001
 8.9304668e-001
 8.9617622e-001
 8.9901191e-001
 8.9990324e-001
 8.9886725e-001
 8.9601570e-001
 8.9010131e-001
 8.8098031e-001
 8.6920321e-001
 8.5368025e-001
 8.3771038e-001
 8.2482213e-001
 8.1116813e-001
 8.0175120e-001
 7.9218596e-001
 7.7043986e-001
 7.3081988e-001
 6.8080622e-001
 6.3209248e-001
 5.6696904e-001
 5.7027560e-001
 6.0698789e-001
 6.2100190e-001
 6.1926389e-001
 6.1429513e-001
 6.4259672e-001
 6.6465086e-001
 6.6689616e-001
 6.5883809e-001
 6.6212207e-001
 6.8922740e-001
 7.1781951e-001
 7.3967171e-001
 7.5519121e-001
 7.6984602e-001
 7.8541791e-001
 8.0059493e-001
 8.1289178e-001
 8.2474816e-001
 8.3517367e-001
 8.4352857e-001
 8.4920955e-001
 8.5065025e-001
 8.4723222e-001
 8.3704382e-001
 8.1679130e-001
 7.8431028e-001
 7.4434978e-001
 7.0328522e-001
 6.7112470e-001
 6.6333133e-001
 6.7685580e-001
 6.8602711e-001
 6.9807315e-001
 7.2031605e-001
 7.4061430e-001
 7.5174642e-001
 7.6020259e-001
 7.6275867e-001
 7.5937986e-001
 7.4557257e-001
 7.1490687e-001
 6.6631448e-001
 6.6040182e-001
 6.8801004e-001
 6.2834412e-001
 5.6150788e-001
 4.9591917e-001
 4.2977464e-001
 3.6265492e-001
 2.8847161e-001
 2.3142299e-001
 2.2362058e-001
 2.6239747e-001
 2.9787740e-001
 3.1529441e-001
 3.4712991e-001
 4.1727996e-001
 5.0510710e-001
 5.5336243e-001
 5.8336854e-001
 6.0323697e-001
 6.1534864e-001
 6.1840355e-001
 6.1743277e-001
 6.1823660e-001
 6.1345172e-001
 6.0235536e-001
 5.8871663e-001
 5.7434177e-001
 5.6175596e-001
 5.5101717e-001
 5.3924990e-001
 5.2563196e-001
 5.1285660e-001
 5.0382400e-001
 4.9988693e-001
 4.9102625e-001
 4.7637466e-001
 4.6918181e-001
 4.8525202e-001
 5.0196213e-001
 5.0664681e-001
 5.0202763e-001
 4.9681181e-001
 5.0840211e-001
 5.2416927e-001
 5.3195512e-001
 5.3522003e-001
 5.3557485e-001
 5.3254336e-001
 5.2430373e-001
 5.1083964e-001
 4.9299258e-001
 4.7035745e-001
 4.3933639e-001
 4.0272179e-001
 3.6088085e-001
 3.2319611e-001
 2.9817814e-001
 2.8511369e-001
 2.7675998e-001
 2.7221563e-001
 2.6762578e-001
 2.5818112e-001
 2.4926315e-001
 2.4735568e-001
 2.4660723e-001
