s07_AV14 Record=1388: Gypsum HS333.4B (Selenite)   ASDFRa AREF
 8.1922483e-001
 8.2467699e-001
 8.2891780e-001
 8.3093923e-001
 8.3340544e-001
 8.3575916e-001
 8.3876771e-001
 8.4194326e-001
 8.4555101e-001
 8.4909356e-001
 8.5234225e-001
 8.5517663e-001
 8.5783446e-001
 8.6000109e-001
 8.6222863e-001
 8.6429805e-001
 8.6666280e-001
 8.6854947e-001
 8.7007022e-001
 8.7174439e-001
 8.7326187e-001
 8.7504923e-001
 8.7709165e-001
 8.7745512e-001
 8.7783426e-001
 8.7612873e-001
 8.7868905e-001
 8.7962794e-001
 8.8015163e-001
 8.8017339e-001
 8.8038975e-001
 8.8076693e-001
 8.8031751e-001
 8.8067400e-001
 8.8109601e-001
 8.8165617e-001
 8.8214588e-001
 8.8196087e-001
 8.8150734e-001
 8.8055623e-001
 8.7948585e-001
 8.7761885e-001
 8.7464249e-001
 8.7207121e-001
 8.7163711e-001
 8.7226576e-001
 8.7439626e-001
 8.7689066e-001
 8.7883031e-001
 8.7940276e-001
 8.7858355e-001
 8.7582260e-001
 8.7186927e-001
 8.6870080e-001
 8.6778265e-001
 8.6769676e-001
 8.6692947e-001
 8.6436689e-001
 8.6024153e-001
 8.5773730e-001
 8.5716438e-001
 8.5553235e-001
 8.4902400e-001
 8.3772725e-001
 8.2347012e-001
 8.0589539e-001
 7.8838259e-001
 7.7622801e-001
 7.7874857e-001
 7.9916382e-001
 8.1754154e-001
 8.3609492e-001
 8.4884661e-001
 8.5601753e-001
 8.5986239e-001
 8.6105782e-001
 8.5847837e-001
 8.5332745e-001
 8.4581226e-001
 8.3698595e-001
 8.2972234e-001
 8.2059610e-001
 8.0772978e-001
 7.7926427e-001
 7.3348302e-001
 6.8547565e-001
 6.5001887e-001
 6.4045823e-001
 6.3756317e-001
 6.3526493e-001
 6.5050626e-001
 6.6224968e-001
 6.7064118e-001
 6.9018865e-001
 7.0779574e-001
 7.1467125e-001
 7.0672899e-001
 7.1467125e-001
 7.2045326e-001
 7.2352785e-001
 7.2212082e-001
 7.1526337e-001
 7.0243120e-001
 6.8169820e-001
 6.5677387e-001
 6.2452334e-001
 5.9119052e-001
 5.6521964e-001
 5.4249340e-001
 5.2670896e-001
 5.1210785e-001
 4.7856572e-001
 4.2392689e-001
 3.6352825e-001
 3.1120634e-001
 2.5222158e-001
 2.5716448e-001
 2.8876683e-001
 3.0081603e-001
 2.9934087e-001
 2.9418567e-001
 3.2032141e-001
 3.4213695e-001
 3.4235236e-001
 3.3236763e-001
 3.3699664e-001
 3.7070054e-001
 4.0817401e-001
 4.3891042e-001
 4.6343517e-001
 4.8643196e-001
 5.1319414e-001
 5.4126185e-001
 5.6361014e-001
 5.8358967e-001
 6.0351008e-001
 6.2055254e-001
 6.2989604e-001
 6.3107836e-001
 6.2311995e-001
 6.0140961e-001
 5.6222194e-001
 5.0552064e-001
 4.4345364e-001
 3.8710240e-001
 3.4673786e-001
 3.3584085e-001
 3.4981248e-001
 3.6011371e-001
 3.7464786e-001
 4.0374514e-001
 4.3112808e-001
 4.4672960e-001
 4.5811531e-001
 4.6130738e-001
 4.5511815e-001
 4.3446818e-001
 3.9268988e-001
 3.3406180e-001
 3.2758048e-001
 3.5901481e-001
 2.9485482e-001
 2.3517105e-001
 1.8721046e-001
 1.4971027e-001
 1.2025703e-001
 9.5855005e-002
 8.1211388e-002
 7.7257216e-002
 8.4714048e-002
 9.4395652e-002
 9.9601924e-002
 1.1125466e-001
 1.4356105e-001
 1.9413063e-001
 2.2820936e-001
 2.5158629e-001
 2.6845890e-001
 2.7890161e-001
 2.8123337e-001
 2.7987459e-001
 2.8037316e-001
 2.7582294e-001
 2.6570326e-001
 2.5352350e-001
 2.4091128e-001
 2.3010644e-001
 2.2189079e-001
 2.1344559e-001
 2.0413764e-001
 1.9504437e-001
 1.8867631e-001
 1.8569416e-001
 1.8004277e-001
 1.7094788e-001
 1.6612393e-001
 1.7567921e-001
 1.8566331e-001
 1.8816614e-001
 1.8395233e-001
 1.7993918e-001
 1.8836197e-001
 2.0083186e-001
 2.0694679e-001
 2.0928058e-001
 2.0945427e-001
 2.0644009e-001
 1.9947760e-001
 1.8906224e-001
 1.7695267e-001
 1.6310848e-001
 1.4572047e-001
 1.2760182e-001
 1.0982507e-001
 9.5586888e-002
 8.6024418e-002
 8.0226086e-002
 7.6555647e-002
 7.3886238e-002
 7.1273006e-002
 6.7111202e-002
 6.4008236e-002
 6.2463757e-002
 6.3041486e-002
