s07_AV14 Record=1384: Gypsum HS333.3B (Selenite)   ASDFRa AREF
 7.7728713e-001
 7.8323805e-001
 7.8807467e-001
 7.9038113e-001
 7.9352069e-001
 7.9640162e-001
 8.0010015e-001
 8.0403823e-001
 8.0831271e-001
 8.1249279e-001
 8.1621724e-001
 8.1971711e-001
 8.2279658e-001
 8.2562488e-001
 8.2841051e-001
 8.3111244e-001
 8.3369881e-001
 8.3595324e-001
 8.3782357e-001
 8.3971632e-001
 8.4154207e-001
 8.4341997e-001
 8.4494662e-001
 8.4552109e-001
 8.4657085e-001
 8.4730810e-001
 8.4855103e-001
 8.4885854e-001
 8.4916359e-001
 8.4943205e-001
 8.4967029e-001
 8.4993607e-001
 8.4961092e-001
 8.4986407e-001
 8.5020310e-001
 8.5061145e-001
 8.5098159e-001
 8.5086745e-001
 8.5049152e-001
 8.4993738e-001
 8.4929293e-001
 8.4833205e-001
 8.4668463e-001
 8.4536117e-001
 8.4504211e-001
 8.4552908e-001
 8.4672165e-001
 8.4802473e-001
 8.4911239e-001
 8.4955615e-001
 8.4917712e-001
 8.4784341e-001
 8.4547025e-001
 8.4384286e-001
 8.4323698e-001
 8.4363341e-001
 8.4349656e-001
 8.4231770e-001
 8.4033239e-001
 8.3919495e-001
 8.3924234e-001
 8.3871299e-001
 8.3537513e-001
 8.2917339e-001
 8.2100570e-001
 8.1103760e-001
 8.0081731e-001
 7.9368252e-001
 7.9560101e-001
 8.0685771e-001
 8.1726485e-001
 8.2843256e-001
 8.3618104e-001
 8.4055072e-001
 8.4317434e-001
 8.4415931e-001
 8.4289277e-001
 8.4041840e-001
 8.3622211e-001
 8.3145463e-001
 8.2731801e-001
 8.2264841e-001
 8.1544375e-001
 7.9881907e-001
 7.7090865e-001
 7.4083775e-001
 7.1785963e-001
 7.1159971e-001
 7.0947355e-001
 7.0774120e-001
 7.1788239e-001
 7.2586489e-001
 7.3153365e-001
 7.4409318e-001
 7.5523174e-001
 7.5963837e-001
 7.5457013e-001
 7.5963837e-001
 7.6356941e-001
 7.6526242e-001
 7.6409036e-001
 7.5988597e-001
 7.5108284e-001
 7.3779821e-001
 7.2157282e-001
 6.9989926e-001
 6.7662466e-001
 6.5783435e-001
 6.4035213e-001
 6.2801361e-001
 6.1617392e-001
 5.8800936e-001
 5.3828406e-001
 4.7983670e-001
 4.2543051e-001
 3.5757634e-001
 3.6202958e-001
 3.9953461e-001
 4.1399297e-001
 4.1217738e-001
 4.0679550e-001
 4.3776360e-001
 4.6209106e-001
 4.6418950e-001
 4.5480016e-001
 4.5889026e-001
 4.9143779e-001
 5.2582526e-001
 5.5270749e-001
 5.7281244e-001
 5.9188819e-001
 6.1263043e-001
 6.3246131e-001
 6.4912736e-001
 6.6471088e-001
 6.7894977e-001
 6.9078052e-001
 6.9787180e-001
 6.9937092e-001
 6.9434488e-001
 6.7885989e-001
 6.4963847e-001
 6.0588199e-001
 5.5437291e-001
 5.0403976e-001
 4.6560794e-001
 4.5666999e-001
 4.7260273e-001
 4.8337314e-001
 4.9735194e-001
 5.2401555e-001
 5.4864502e-001
 5.6231636e-001
 5.7252836e-001
 5.7529557e-001
 5.7026327e-001
 5.5244666e-001
 5.1469910e-001
 4.5730883e-001
 4.5061374e-001
 4.8249534e-001
 4.1567615e-001
 3.4705114e-001
 2.8574014e-001
 2.3140030e-001
 1.8407477e-001
 1.4045961e-001
 1.1204562e-001
 1.0649460e-001
 1.2318578e-001
 1.4115497e-001
 1.5067439e-001
 1.7077671e-001
 2.2169892e-001
 2.9451710e-001
 3.3907545e-001
 3.6811176e-001
 3.8747287e-001
 3.9943680e-001
 4.0229356e-001
 4.0088725e-001
 4.0119317e-001
 3.9553204e-001
 3.8384032e-001
 3.7011424e-001
 3.5525820e-001
 3.4231710e-001
 3.3178857e-001
 3.2117051e-001
 3.0803013e-001
 2.9621965e-001
 2.8808239e-001
 2.8446740e-001
 2.7683645e-001
 2.6372379e-001
 2.5701037e-001
 2.7084017e-001
 2.8576902e-001
 2.8971899e-001
 2.8447136e-001
 2.7919298e-001
 2.8976050e-001
 3.0491081e-001
 3.1178272e-001
 3.1465793e-001
 3.1486809e-001
 3.1194770e-001
 3.0351824e-001
 2.9103237e-001
 2.7465206e-001
 2.5420102e-001
 2.2932054e-001
 2.0142151e-001
 1.7128091e-001
 1.4613469e-001
 1.3033444e-001
 1.2227698e-001
 1.1649650e-001
 1.1337283e-001
 1.1042882e-001
 1.0447105e-001
 1.0011197e-001
 9.7902820e-002
 9.6974142e-002
